File Path: F:\Lewis Lab\Macy Castaneda\Three-Point-Bending 2022-10-26\C18-RR-M-RF 10-26-2022 1 10 29 PM\Collect Data - (Timed).txt   
Test: 3-point bend for mouse bone
Test Run: C18-RR-M-RF
Date: 10/26/2022 1:09:04 PM


Ch 1 Displacement 	Ch 1 Force 	Ch 2 Torque 	Aux Input 5 	Running Time 
mm	kN	kN·mm	V	sec
-0.0138789418997476	-0.00115106403827667	-0.00175961619243026	-0.0153997540473938	0.0205078125
-0.0210314992727945	-0.00166130018234253	-0.000538052699994296	-0.022863894701004	0.0458984375
-0.0250220291491132	-0.00131694889068604	0.000127601713757031	-0.0241492688655853	0.0712890625
-0.0279635187325766	-0.00204278349876404	0.000143071767524816	-0.0301691889762878	0.0966796875
-0.0347912318829913	-0.00283281445503235	-0.00227206014096737	-0.0361837446689606	0.1220703125
-0.0389724955311976	-0.00283051633834839	-0.00117653852794319	-0.0404399633407593	0.1474609375
-0.0447362654085737	-0.00374387288093567	-0.0016528507694602	-0.049528032541275	0.1728515625
-0.0500231981277466	-0.00401448965072632	-0.00219891197048128	-0.0529938936233521	0.1982421875
-0.0544011600140948	-0.00445474910736084	-0.00236770906485617	-0.056748241186142	0.2236328125
-0.0603348016738892	-0.0047264084815979	-0.00163504097145051	-0.0623902678489685	0.2490234375
-0.0628590569249354	-0.00461771631240845	-0.00105155585333705	-0.0709033012390137	0.2744140625
-0.0682562604197301	-0.00590577220916748	-0.00315402750857174	-0.0766757130622864	0.2998046875
-0.0750750332372263	-0.00613295269012451	-0.00230770302005112	-0.0853635370731354	0.3251953125
-0.0816285610198975	-0.00670753622055054	-0.00256247562356293	-0.0927212834358215	0.3505859375
-0.0857770428410731	-0.00715407657623291	-0.00114715821109712	-0.0970034301280975	0.3759765625
-0.0914067059056833	-0.00735987997055054	-0.00189437670633197	-0.103688687086105	0.4013671875
-0.094604489277117	-0.00782036113739014	-0.00266800727695227	-0.106840133666992	0.4267578125
-0.100371238659136	-0.00840860557556152	-0.00385088985785842	-0.116523653268814	0.4521484375
-0.10715723328758	-0.00897107696533203	-0.00453187478706241	-0.120582729578018	0.4775390625
-0.109195709228516	-0.0086485538482666	-0.00301981414668262	-0.123922973871231	0.5029296875
-0.116342307592276	-0.00960112476348877	-0.00287072430364788	-0.131425559520721	0.5283203125
-0.122940546134487	-0.0104210262298584	-0.00285157584585249	-0.13593390583992	0.5537109375
-0.126937025925145	-0.0102280330657959	-0.00301525113172829	-0.139516294002533	0.5791015625
-0.131657725432888	-0.0108933029174805	-0.00493918266147375	-0.147252380847931	0.6044921875
-0.136169794132002	-0.0114217014312744	-0.00255722575820982	-0.148991122841835	0.6298828125
-0.139620897243731	-0.0107154026031494	-0.00493704061955214	-0.150707736611366	0.6552734375
-0.148901337524876	-0.0112545070648193	-0.00347735034301877	-0.156285166740417	0.6806640625
-0.152254098793492	-0.0121479625701904	-0.00440563494339585	-0.161172524094582	0.7060546875
-0.15634298324585	-0.0120262899398804	-0.00325107318349183	-0.16290083527565	0.7314453125
-0.160428884555586	-0.0120260334014893	-0.00322731537744403	-0.167717635631561	0.7568359375
-0.169122213264927	-0.0128037815093994	-0.00198990921489894	-0.176455527544022	0.7822265625
-0.172814732650295	-0.013115574836731	-0.00458425609394908	-0.179743096232414	0.8076171875
-0.175848603248596	-0.0138816633224487	-0.0029146783053875	-0.185897573828697	0.8330078125
-0.181496143341064	-0.0139595508575439	-0.00433362741023302	-0.193859487771988	0.8583984375
-0.18681884102989	-0.0146337013244629	-0.00331502547487617	-0.196279361844063	0.8837890625
-0.192940235137939	-0.0148388376235962	-0.00275266752578318	-0.20614318549633	0.9091796875
-0.196561217308044	-0.0152613725662231	-0.00336384517140687	-0.20783394575119	0.9345703125
-0.203502175281756	-0.015978835105896	-0.00299877999350429	-0.217534750699997	0.9599609375
-0.206393000553362	-0.0158149976730347	-0.002931859344244	-0.219638720154762	0.9853515625
-0.212904807995073	-0.0165069351196289	-0.00396761950105429	-0.225521922111511	1.0107421875
-0.218740111449733	-0.0173429908752441	-0.00341741414740682	-0.229229480028152	1.0361328125
-0.222384929656982	-0.0169891242980957	-0.00314792804419994	-0.233982726931572	1.0615234375
-0.227752330829389	-0.0174232196807861	-0.00446756137534976	-0.239025056362152	1.0869140625
-0.234326726058498	-0.0176369438171387	-0.00245240423828363	-0.24385578930378	1.1123046875
-0.239047411014326	-0.018488224029541	-0.00401191087439656	-0.248137712478638	1.1376953125
-0.243571397732012	-0.0181044769287109	-0.00295779411680996	-0.249197632074356	1.1630859375
-0.248676544288173	-0.018672513961792	-0.00374257611110806	-0.251373499631882	1.1884765625
-0.252994883339852	-0.0188821182250977	-0.00253524887375534	-0.254125446081162	1.2138671875
-0.257644045632333	-0.0184974098205566	-0.00337420497089624	-0.255446285009384	1.2392578125
-0.261610752204433	-0.0186154098510742	-0.00335168093442917	-0.256773173809052	1.2646484375
-0.269329553702846	-0.0193749656677246	-0.00345540838316083	-0.26109054684639	1.2900390625
-0.271517026703805	-0.0191275157928467	-0.00421865563839674	-0.261608600616455	1.3154296875
-0.280857086181641	-0.0195305557250977	-0.00376564729958773	-0.265983641147614	1.3408203125
-0.287491071503609	-0.0204250545501709	-0.00319058983586729	-0.268107503652573	1.3662109375
-0.288993120193481	-0.0193454933166504	-0.00229915883392096	-0.266868025064468	1.3916015625
-0.292050826828927	-0.0191743240356445	-0.00536681478843093	-0.264506042003632	1.4169921875
-0.299984210869297	-0.0195518245697021	-0.0030374142806977	-0.267190933227539	1.4423828125
-0.304025423247367	-0.0193259887695313	-0.00395514070987701	-0.262818336486816	1.4677734375
-0.310724979499355	-0.0189108009338379	-0.00435648905113339	-0.261944532394409	1.4931640625
-0.315570825478062	-0.0189763355255127	-0.00212764972820878	-0.257629603147507	1.5185546875
-0.318133825203404	-0.0185795764923096	-0.00276133976876736	-0.250670462846756	1.5439453125
-0.326728826621547	-0.0182710342407227	-0.00339598418213427	-0.247452780604362	1.5693359375
-0.329291826346889	-0.0178681449890137	-0.00189627415966243	-0.243418663740158	1.5947265625
-0.334829092025757	-0.0178201599121094	-0.00245735142379999	-0.241735205054283	1.6201171875
-0.339472288032994	-0.0175819206237793	-0.00206681713461876	-0.239945575594902	1.6455078125
-0.345104926964268	-0.0175090713500977	-0.00381578248925507	-0.238383412361145	1.6708984375
-0.349378591636196	-0.0169095859527588	-0.00131672353018075	-0.235405638813972	1.6962890625
-0.35635830136016	-0.0171458129882813	-0.0018786855507642	-0.233989655971527	1.7216796875
-0.359112018486485	-0.0166549587249756	-0.00357259181328118	-0.231756791472435	1.7470703125
-0.365316867828369	-0.0172549438476563	-0.00265453942120075	-0.22883802652359	1.7724609375
-0.371319067198783	-0.0167590274810791	-0.00153225648682564	-0.229983925819397	1.7978515625
-0.374859577277675	-0.016424976348877	-0.00261768582277	-0.222979858517647	1.8232421875
-0.379520643036813	-0.0165285873413086	-0.00197555660270154	-0.220698788762093	1.8486328125
-0.385987746994942	-0.0162397480010986	-0.00192276760935783	-0.21847665309906	1.8740234375
-0.389409076888114	-0.0155116558074951	-0.00217270967550576	-0.215324983000755	1.8994140625
-0.399065029341728	-0.0158006563186646	-0.00292428163811564	-0.213106498122215	1.9248046875
-0.402194273192436	-0.0158642063140869	-0.0015133642591536	-0.209771245718002	1.9501953125
-0.406020873924717	-0.015134952545166	-0.00108739663846791	-0.208496525883675	1.9755859375
-0.412869441788644	-0.015068211555481	-0.002480189781636	-0.206541940569878	2.0009765625
-0.415831804275513	-0.0147874355316162	-0.00195816601626575	-0.207148566842079	2.0263671875
-0.421446573454887	-0.0152935800552368	-0.000659950659610331	-0.201511457562447	2.0517578125
-0.427925580879673	-0.0147895030975342	-0.00128264049999416	-0.202691704034805	2.0771484375
-0.431525695603341	-0.0144026117324829	-0.00187402940355241	-0.197587385773659	2.1025390625
-0.438946473877877	-0.0147083902359009	-0.000350421643815935	-0.196639448404312	2.1279296875
-0.441581010818481	-0.0143227186203003	-0.00277726375497878	-0.195033475756645	2.1533203125
-0.445783138275146	-0.0144761810302734	-0.00242607388645411	-0.192700177431107	2.1787109375
-0.451952219009399	-0.0139308366775513	-0.000420764379668981	-0.188859030604362	2.2041015625
-0.456851732451469	-0.0140498600006104	-0.00227705389261246	-0.186850726604462	2.2294921875
-0.461328017991036	-0.0138312177658081	0.000284991139778867	-0.18401250243187	2.2548828125
-0.467264646431431	-0.0138196506500244	-0.0010120717342943	-0.182263031601906	2.2802734375
-0.473970168968663	-0.0131673612594604	-0.00107865466270596	-0.182615593075752	2.3056640625
-0.477218622108921	-0.0129270944595337	-0.000661848054733127	-0.178893357515335	2.3310546875
-0.482779752928764	-0.0132866134643555	-0.00120541825890541	-0.178443416953087	2.3564453125
-0.487864017486572	-0.0130289163589478	0.00043511696276255	-0.175014138221741	2.3818359375
-0.494885432999581	-0.0127896022796631	-0.000321844534482807	-0.172096267342567	2.4072265625
-0.496393418870866	-0.0126639280319214	-0.00153186079114676	-0.16992375254631	2.4326171875
-0.506329524796456	-0.0122468767166138	-0.000235775645705871	-0.168220996856689	2.4580078125
-0.506263982970268	-0.0123108444213867	-0.000970853259786963	-0.167515724897385	2.4833984375
-0.511324382387102	-0.0123413391113281	-0.00143965741153806	-0.162683576345444	2.5087890625
-0.518321990966797	-0.0120548305511475	-0.000829981523565948	-0.15826553106308	2.5341796875
-0.522375106811523	-0.0111673316955566	-0.000203170973691158	-0.156971737742424	2.5595703125
-0.528639531694353	-0.0116145038604736	-0.00101921893656254	-0.153145715594292	2.5849609375
-0.534349703229964	-0.0118000936508179	-0.000398216972826049	-0.151458755135536	2.6103515625
-0.540024018846452	-0.0108526945114136	-0.000988651416264474	-0.147748738527298	2.6357421875
-0.543206930160522	-0.0101702766418457	0.000104274411569349	-0.145895034074783	2.6611328125
-0.548017036635429	-0.0108623752593994	-0.00153229141142219	-0.145430713891983	2.6865234375
-0.55415031965822	-0.0103550386428833	0.000803685921709985	-0.142462551593781	2.7119140625
-0.559419393539429	-0.0103725843429565	-0.00114470208063722	-0.143453329801559	2.7373046875
-0.566488481126726	-0.010670934677124	0.000763945688959211	-0.14295220375061	2.7626953125
-0.5684494972229	-0.0102173624038696	0.000423162302467972	-0.138848274946213	2.7880859375
-0.574809324461967	-0.0101375379562378	0.000958374759647995	-0.138021856546402	2.8134765625
-0.580275082029402	-0.0103834772109985	0.000514434417709708	-0.137946903705597	2.8388671875
-0.585025525651872	-0.010183479309082	-0.00068301020655781	-0.136537551879883	2.8642578125
-0.588071357924491	-0.0094025239944458	-0.000358825986040756	-0.135822296142578	2.8896484375
-0.594460987485945	-0.00962983417510986	-0.000802021357230842	-0.134178549051285	2.9150390625
-0.599777675233781	-0.010263277053833	-0.000694347952958196	-0.13550341129303	2.9404296875
-0.603657972533256	-0.0100456352233887	-0.000317118538077921	-0.132106244564056	2.9658203125
-0.609695911407471	-0.00983272266387939	-0.00136702146846801	-0.134275853633881	2.9912109375
-0.61259267386049	-0.00967556762695313	0.000437933922512457	-0.133248418569565	3.0166015625
-0.622159219346941	-0.0097632884979248	0.000528018746990711	-0.132517665624619	3.0419921875
-0.626933586318046	-0.00995647716522217	0.00177394552156329	-0.133115947246552	3.0673828125
-0.628685927949846	-0.00980574893951416	0.00160725542809814	-0.132168978452682	3.0927734375
-0.633877527434379	-0.00930245208740234	0.000143490819027647	-0.129887610673904	3.1181640625
-0.640916812699288	-0.00957164096832275	0.000192077714018524	-0.13033539056778	3.1435546875
-0.644463289063424	-0.00931499862670898	0.00134840852115303	-0.129682719707489	3.1689453125
-0.650209200102836	-0.00946312713623047	-3.55380434484687E-05	-0.127616673707962	3.1943359375
-0.655490148346871	-0.00902750492095947	0.000275574071565643	-0.126506388187408	3.2197265625
-0.660032033920288	-0.00949403190612793	0.00246511562727392	-0.127191096544266	3.2451171875
-0.662863254547119	-0.00947806072235107	0.000192566600162536	-0.12467697262764	3.2705078125
-0.672006630338728	-0.0086539831161499	-0.000213868479477242	-0.124773979187012	3.2958984375
-0.676262367051095	-0.00963309001922607	0.000250838289503008	-0.12579932808876	3.3212890625
-0.681674457155168	-0.00868740940093994	0.00181687518488616	-0.122243762016296	3.3466796875
-0.684952712617815	-0.0087456636428833	0.00124058383516967	-0.119958966970444	3.3720703125
-0.691014516633004	-0.00882178688049316	0.000261268054600805	-0.122803449630737	3.3974609375
-0.694590795319527	-0.00873732948303223	0.00087128154700622	-0.120050609111786	3.4228515625
-0.702035438735038	-0.00866939449310303	0.00130582810379565	-0.11868417263031	3.4482421875
-0.702935445588082	-0.00817764186859131	0.00195253198035061	-0.119285583496094	3.4736328125
-0.712591398041695	-0.0087261791229248	0.00206206785514951	-0.119122713804245	3.4990234375
-0.717616057954729	-0.00835534286499023	0.00131388322915882	-0.117918998003006	3.5244140625
-0.71979162748903	-0.00799433994293213	-8.64879348227987E-06	-0.117355734109879	3.5498046875
-0.72730181273073	-0.00897653579711914	0.00105146283749491	-0.117490440607071	3.5751953125
-0.731402658857405	-0.00853097724914551	0.000317851896397769	-0.116724669933319	3.6005859375
-0.738531351089478	-0.00816874122619629	0.000975742179434747	-0.115544646978378	3.6259765625
-0.742757343687117	-0.00865434074401855	0.003047727746889	-0.115728378295898	3.6513671875
-0.748217105865479	-0.00841277694702148	0.00123298272956163	-0.11483445763588	3.6767578125
-0.751668238081038	-0.00786381769180298	0.000403478421503678	-0.112197697162628	3.7021484375
-0.758117414079607	-0.00822545337677002	0.00210050446912646	-0.112545490264893	3.7275390625
-0.76031091157347	-0.00791592502593994	0.000995309674181044	-0.110424906015396	3.7529296875
-0.767707824707031	-0.00792268085479736	0.000929751084186137	-0.109695643186569	3.7783203125
-0.773024570662528	-0.00835510540008545	0.000733226770535111	-0.110120475292206	3.8037109375
-0.777679670136422	-0.00797824668884277	0.00141199992503971	-0.1077501475811	3.8291015625
-0.781506299972534	-0.00839577484130859	0.00104148697573692	-0.108500123023987	3.8544921875
-0.787425029557198	-0.00736465978622437	0.00138094334397465	-0.106935501098633	3.8798828125
-0.791633152402937	-0.00816898059844971	0.00209567369893193	-0.108166038990021	3.9052734375
-0.79692603321746	-0.00753168296813965	0.00140663364436477	-0.106486082077026	3.9306640625
-0.803405069746077	-0.00771071004867554	0.00214386475272477	-0.106131732463837	3.9560546875
-0.811064266599715	-0.00812710094451904	0.00104245310649276	-0.108019411563873	3.9814453125
-0.814980245195329	-0.00758360195159912	0.00161713815759867	-0.104862451553345	4.0068359375
-0.819778419099748	-0.00739494276046753	0.00192656239960343	-0.104052275419235	4.0322265625
-0.822150730527937	-0.00778827571868896	0.000741654424928129	-0.104388296604156	4.0576171875
-0.831139099318534	-0.00733423137664795	0.00198114407248795	-0.103995800018311	4.0830078125
-0.83305238513276	-0.00718685531616211	0.00122031790670007	-0.102920830249786	4.1083984375
-0.840532768052071	-0.00786939191818237	0.0019095673924312	-0.103716403245926	4.1337890625
-0.843673944473267	-0.00716949558258057	0.0019916552118957	-0.102297067642212	4.1591796875
-0.849801290314645	-0.00736808395385742	0.00165592378471047	-0.100991576910019	4.1845703125
-0.852519297040999	-0.0074278678894043	0.00192710943520069	-0.0992684066295624	4.2099609375
-0.859016203321517	-0.00718179607391357	0.0012355784419924	-0.100302398204803	4.2353515625
-0.864881265442818	-0.00717728900909424	-0.0004547426069621	-0.10039359331131	4.2607421875
-0.87015627650544	-0.00753004026412964	0.00157839898020029	-0.0995932519435883	4.2861328125
-0.875854515470564	-0.00710640478134155	0.00146535935346037	-0.0998793542385101	4.3115234375
-0.876855861861259	-0.0067051682472229	0.00222155265510082	-0.0976578891277313	4.3369140625
-0.884240842424333	-0.00682208490371704	0.000679157266858965	-0.0982484221458435	4.3623046875
-0.889283430296928	-0.00722458791732788	0.00274563673883677	-0.0998076796531677	4.3876953125
-0.89263916015625	-0.00654888916015625	0.00276250368915498	-0.0966724753379822	4.4130859375
-0.90016721514985	-0.00675237369537354	0.00142759794835001	-0.0971557199954987	4.4384765625
-0.903910375200212	-0.00720423364639282	0.0016201063990593	-0.0961841642856598	4.4638671875
-0.909268856048584	-0.00694481563568115	0.00273800082504749	-0.0957421958446503	4.4892578125
-0.915276992600411	-0.00686538982391357	0.00216752965934575	-0.0935816764831543	4.5146484375
-0.922209001146257	-0.00695072603225708	0.00410792091861367	-0.0940658152103424	4.5400390625
-0.926017761230469	-0.00706169748306274	0.00118579261470586	-0.0941306352615356	4.5654296875
-0.931906688492745	-0.00675785541534424	0.00146193709224463	-0.0929981470108032	4.5908203125
-0.935918069444597	-0.00661371660232544	0.00255080033093691	-0.0926153361797333	4.6162109375
-0.941419624723494	-2.81754173338413E-05	-0.000535259023308754	-0.00182941555976868	4.6416015625
-0.945085310377181	6.27682283520699E-05	7.72571220295504E-05	0.00147223472595215	4.6669921875
-0.953006732743233	-2.80217491090298E-05	-0.000590236508287489	0.000586658716201782	4.6923828125
-0.956946634687483	-3.86493057012558E-05	-0.0013233934296295	0.000610947608947754	4.7177734375
-0.961679208558053	-7.56466761231422E-06	0.0004832033009734	0.00193580985069275	4.7431640625
-0.965338957030326	0.000166532695293427	-0.000232085658353753	0.00150904059410095	4.7685546875
-0.971043133176863	-0.000367267072200775	-0.000691670633386821	0.000750273466110229	4.7939453125
-0.97568630008027	4.26254700869322E-06	0.000465463381260633	0.0010506808757782	4.8193359375
-0.979852629825473	-1.27474777400494E-06	-0.000362620747182518	0.000236332416534424	4.8447265625
-0.987255596555769	8.1199686974287E-06	-0.00102984660770744	0.0013008713722229	4.8701171875
-0.992345856502652	-2.11590677499771E-05	0.00031376612605527	0.00128120183944702	4.8955078125
-0.997519469819963	0.000255288332700729	0.00112066476140171	0.00196009874343872	4.9208984375
-1.00165605545044	0.000213118612766266	-0.00019512748986017	0.000458657741546631	4.9462890625
-1.00795621983707	4.74031567573547E-05	-3.48978210240602E-05	0.00151351094245911	4.9716796875
-1.01106171496212	5.658308416605E-05	-0.000461796676972881	0.00173598527908325	4.9970703125
-1.01712939795107	7.41134881973267E-05	-6.7234766902402E-05	0.000810623168945313	5.0224609375
-1.02381710894406	-0.000120498590171337	0.000243819144088775	0.0012911856174469	5.0478515625
-1.02985498961061	0.000145043596625328	0.000584032153710723	0.00113561749458313	5.0732421875
-1.03030202444643	0.000117914170026779	-0.000272244913503528	0.000626891851425171	5.0986328125
-1.03976728860289	1.98354236781597E-05	-0.000220538408029824	0.00122085213661194	5.1240234375
